Start: 
unsigned int  rawData[67] = {8850,4500, 500,600, 500,600, 500,600, 500,600, 500,600, 500,600, 500,1700, 550,600, 500,1700, 500,600, 500,1700, 500,600, 500,1750, 500,600, 500,1700, 500,600, 500,600, 500,600, 500,1750, 500,600, 500,600, 500,600, 500,1700, 500,600, 500,1750, 500,1700, 500,600, 500,1750, 500,1700, 500,1700, 500,600, 500,1750, 500};  // NEC 2AA22DD

Up: 
unsigned int  rawData[67] = {8850,4500, 500,600, 500,600, 500,600, 500,600, 500,600, 500,600, 500,1700, 500,600, 500,1750, 500,600, 500,1700, 500,600, 500,1750, 500,600, 500,1700, 500,600, 500,600, 500,1750, 500,600, 500,1700, 500,600, 500,1700, 550,550, 550,1700, 500,1700, 550,600, 500,1700, 500,600, 500,1700, 500,600, 500,1750, 500,600, 500};  // NEC 2AA55AA

Right:
unsigned int  rawData[67] = {8900,4450, 500,600, 500,600, 500,600, 500,600, 500,600, 550,550, 550,1700, 500,600, 500,1750, 500,600, 500,1700, 500,600, 500,1700, 500,600, 500,1750, 500,600, 500,600, 500,1700, 550,550, 550,600, 500,600, 500,1700, 500,600, 500,600, 500,1750, 500,600, 500,1700, 500,1700, 500,1750, 500,600, 500,1700, 500,1750, 500};  // NEC 2AA44BB

Down:
unsigned int  rawData[67] = {8900,4450, 500,600, 550,550, 550,600, 500,600, 500,600, 500,600, 500,1700, 500,600, 500,1750, 500,600, 500,1700, 500,600, 500,1700, 550,600, 500,1700, 500,600, 500,600, 500,1750, 500,1700, 500,600, 500,600, 500,1700, 500,1750, 500,600, 500,1750, 500,600, 500,600, 500,1700, 500,1700, 500,600, 500,600, 500,1750, 500};  // NEC 2AA6699

Left:
unsigned int  rawData[67] = {8900,4500, 500,600, 500,600, 500,600, 500,600, 500,600, 500,600, 500,1700, 550,550, 550,1700, 500,600, 500,1700, 500,600, 500,1750, 500,600, 500,1700, 500,600, 500,600, 550,550, 500,1750, 500,1700, 500,600, 500,600, 500,1750, 500,1700, 550,1700, 500,1700, 550,550, 500,600, 500,1750, 500,1700, 500,600, 500,600, 500};  // NEC 2AA33CC

Spot:
unsigned int  rawData[67] = {8900,4450, 550,550, 550,600, 500,600, 500,600, 500,600, 500,600, 500,1700, 500,600, 500,1750, 500,600, 500,1700, 500,600, 500,1750, 500,600, 500,1700, 500,600, 500,600, 500,1750, 500,1700, 500,1700, 550,600, 500,1700, 500,1700, 500,1750, 500,1700, 500,600, 550,550, 500,600, 550,1700, 500,600, 500,600, 500,600, 500};  // NEC 2AA7788

Home:
unsigned int  rawData[67] = {8900,4450, 500,600, 500,600, 500,600, 500,600, 500,600, 500,600, 500,1750, 500,600, 500,1700, 500,600, 500,1750, 500,600, 500,1700, 500,600, 500,1750, 500,600, 500,1700, 500,600, 500,600, 550,550, 550,1700, 500,600, 500,600, 500,600, 500,600, 500,1750, 500,1700, 500,1700, 550,550, 550,1700, 500,1700, 500,1750, 500};  // NEC 2AA8877

Edge:
unsigned int  rawData[67] = {8900,4500, 500,600, 500,600, 500,600, 500,600, 500,600, 500,600, 500,1700, 500,600, 500,1750, 500,600, 500,1700, 500,600, 500,1750, 500,600, 500,1700, 550,550, 500,1750, 500,600, 500,600, 500,1700, 500,1700, 500,600, 550,600, 500,1700, 550,550, 500,1750, 500,1700, 500,600, 500,600, 500,1750, 500,1700, 500,600, 500};  // NEC 2AA9966



Change clock or alarm 12 pm:
unsigned int  rawData[99] = {8900,4450, 500,600, 500,600, 500,600, 500,600, 500,600, 500,600, 500,1750, 500,600, 500,600, 500,1700, 550,600, 500,1700, 500,600, 550,1650, 500,600, 500,1750, 500,600, 500,600, 500,1700, 550,1700, 500,600, 500,600, 500,600, 500,600, 500,1750, 500,1700, 500,600, 500,600, 500,1700, 550,1700, 500,1700, 500,1750, 500,1700, 550,550, 550,550, 550,550, 550,550, 550,550, 550,550, 550,600, 500,600, 500,600, 500,1700, 500,1750, 500,600, 500,1700, 500,1700, 550,1700, 500};  // NEC 25530CF

1pm:
unsigned int  rawData[99] = {8900,4450, 550,550, 550,550, 550,550, 550,550, 550,550, 550,550, 550,1700, 500,600, 550,550, 550,1650, 550,550, 550,1700, 550,550, 550,1650, 550,550, 550,1700, 550,550, 550,550, 550,1700, 500,1700, 550,550, 550,1650, 550,550, 550,600, 500,1700, 550,1700, 500,600, 500,600, 500,1700, 550,550, 550,1650, 550,1700, 550,1700, 500,600, 500,600, 500,600, 500,600, 500,600, 500,600, 550,550, 550,550, 550,550, 550,1700, 500,1700, 550,1650, 550,1700, 550,550, 550,1700, 500};  // NEC 25534CB

2pm:
unsigned int  rawData[99] = {8950,4450, 500,600, 550,550, 550,550, 550,550, 550,550, 550,550, 550,1650, 550,600, 500,600, 500,1700, 550,550, 550,1650, 550,550, 550,1700, 550,550, 550,1700, 500,600, 500,600, 500,1700, 550,1650, 550,1700, 550,550, 550,550, 550,550, 550,1700, 500,1700, 550,550, 550,550, 550,550, 550,1650, 550,1700, 550,1700, 500,600, 500,600, 500,600, 500,600, 500,600, 500,600, 500,600, 500,600, 550,550, 550,550, 550,1700, 500,1700, 550,1700, 500,1700, 550,1650, 550,600, 500};  // NEC 25538C7

3pm:
unsigned int  rawData[99] = {8900,4450, 550,550, 500,600, 550,550, 550,550, 550,550, 550,550, 550,1700, 500,600, 550,550, 550,1650, 550,550, 550,1700, 550,550, 550,1650, 550,550, 550,1700, 550,550, 550,550, 550,1650, 550,1700, 500,1700, 550,1700, 500,600, 500,600, 550,1650, 550,1700, 500,600, 500,600, 500,600, 500,600, 500,1700, 550,1700, 550,550, 550,550, 550,550, 550,550, 550,550, 550,550, 550,550, 550,550, 550,550, 550,1700, 500,600, 500,600, 500,600, 550,550, 550,550, 550,550, 550};  // NEC 2553CC3

4pm:
unsigned int  rawData[99] = {8900,4450, 550,550, 550,550, 550,550, 550,550, 550,550, 550,550, 550,1700, 500,600, 550,550, 550,1650, 550,550, 550,1700, 550,550, 550,1650, 550,550, 550,1700, 550,550, 550,1650, 550,550, 550,550, 550,550, 550,550, 550,600, 500,600, 500,1700, 550,550, 550,1700, 500,1700, 550,1700, 500,1700, 550,1650, 550,1700, 550,550, 550,550, 550,550, 550,550, 550,550, 550,550, 550,550, 550,600, 500,600, 500,1700, 550,550, 550,550, 550,550, 550,550, 550,550, 550,550, 550};  // NEC 25540BF

5pm:
unsigned int  rawData[99] = {8950,4450, 500,600, 500,600, 500,600, 500,600, 500,600, 550,550, 550,1650, 550,600, 500,600, 500,1700, 550,550, 550,1650, 550,550, 550,1700, 500,600, 500,1750, 500,600, 500,1700, 550,550, 550,550, 550,550, 550,1650, 550,550, 550,600, 500,1700, 550,550, 550,1700, 500,1700, 550,1650, 550,550, 550,1700, 500,1750, 500,600, 500,600, 500,600, 500,600, 500,600, 500,600, 500,600, 500,600, 550,550, 550,1650, 550,550, 550,550, 550,550, 550,550, 550,550, 550,600, 500};  // NEC 25544BB

6pm:
unsigned int  rawData[99] = {8950,4450, 500,600, 500,600, 500,600, 500,600, 500,600, 500,600, 500,1700, 550,600, 500,600, 500,1700, 550,550, 550,1650, 550,550, 550,1700, 550,550, 550,1700, 500,600, 500,1700, 550,550, 550,550, 550,1650, 550,550, 550,600, 500,600, 550,1650, 550,550, 550,1700, 500,1700, 550,550, 550,1700, 500,1700, 550,1700, 500,600, 500,600, 500,600, 500,600, 500,600, 500,600, 500,600, 550,550, 550,550, 550,1700, 500,600, 500,600, 500,600, 500,600, 500,600, 500,600, 550};  // NEC 25548B7

7pm:
unsigned int  rawData[99] = {8950,4450, 500,600, 500,600, 500,600, 500,600, 500,600, 500,600, 500,1700, 550,550, 550,550, 550,1700, 550,550, 550,1650, 550,550, 550,1700, 500,600, 500,1700, 550,550, 550,1700, 550,550, 550,550, 550,1650, 550,1700, 500,600, 550,550, 550,1700, 500,600, 500,1700, 550,1650, 550,550, 550,550, 550,1700, 550,1700, 500,600, 500,600, 500,600, 500,600, 500,600, 500,600, 500,600, 500,600, 550,550, 550,1650, 550,550, 550,600, 500,600, 500,600, 500,600, 500,600, 550};  // NEC 2554CB3

8pm:
unsigned int  rawData[99] = {8900,4450, 550,550, 550,550, 550,550, 550,550, 550,550, 550,550, 550,1700, 500,600, 550,550, 550,1650, 550,550, 550,1700, 500,600, 500,1700, 550,550, 550,1700, 550,550, 550,1650, 550,550, 550,1700, 500,600, 500,600, 550,550, 550,550, 550,1700, 500,600, 500,1700, 550,550, 550,1650, 550,1700, 550,1650, 550,1700, 550,550, 550,550, 550,550, 550,550, 550,550, 550,550, 550,550, 550,600, 500,600, 500,1700, 550,550, 550,550, 550,550, 550,550, 550,550, 550,550, 550};  // NEC 25550AF

9pm:
unsigned int  rawData[99] = {8900,4450, 550,550, 550,550, 550,550, 550,550, 550,550, 550,550, 550,1700, 550,550, 550,550, 550,1700, 500,600, 500,1700, 550,550, 550,1650, 550,600, 500,1700, 550,550, 550,1700, 500,600, 500,1700, 550,550, 550,1700, 500,600, 500,600, 550,1650, 550,550, 550,1700, 500,600, 500,1700, 550,550, 550,1700, 500,1700, 550,550, 550,550, 550,550, 550,550, 550,550, 550,550, 550,550, 550,600, 500,600, 500,1700, 550,550, 550,550, 550,550, 550,550, 550,550, 550,600, 500};  // NEC 25554AB

10pm:
unsigned int  rawData[99] = {8900,4450, 550,550, 550,550, 550,550, 550,550, 550,550, 550,550, 550,1700, 550,550, 550,550, 550,1700, 500,600, 500,1700, 550,550, 550,1700, 500,600, 500,1700, 550,550, 550,1700, 500,600, 500,1700, 550,1700, 500,600, 500,600, 500,600, 550,1650, 550,550, 550,1700, 550,550, 550,550, 550,1650, 550,1700, 500,1700, 550,550, 550,600, 500,600, 500,600, 500,600, 500,600, 500,600, 500,600, 550,550, 550,1650, 550,550, 550,550, 550,550, 550,550, 550,600, 500,600, 550};  // NEC 25558A7

11pm:
unsigned int  rawData[99] = {8950,4450, 500,600, 500,600, 500,600, 500,600, 500,600, 500,600, 500,1700, 550,600, 500,600, 500,1700, 500,600, 550,1650, 550,550, 550,1700, 500,600, 500,1750, 500,600, 500,1700, 550,550, 550,1750, 450,1700, 500,1700, 550,550, 550,600, 500,1700, 500,600, 550,1700, 500,600, 500,600, 500,600, 500,1700, 550,1700, 500,1700, 550,550, 550,550, 550,550, 550,550, 550,550, 550,550, 550,600, 500,700, 400,1700, 550,550, 550,550, 500,600, 550,550, 550,1700, 500,1700, 550};  // NEC 2555CA3

12am:
unsigned int  rawData[99] = {8900,4450, 550,550, 550,550, 550,550, 550,550, 550,600, 500,600, 500,1700, 550,550, 550,550, 550,1700, 500,600, 500,1700, 550,550, 550,1700, 500,600, 500,1700, 550,550, 550,550, 550,550, 550,550, 550,550, 550,550, 550,550, 550,600, 500,1700, 550,1700, 500,1700, 550,1650, 550,1700, 550,1650, 550,1700, 500,1700, 550,1700, 550,550, 550,550, 550,550, 550,550, 550,550, 550,550, 550,550, 550,550, 550,1700, 500,600, 500,600, 500,600, 500,600, 500,1800, 450,1700, 550};  // NEC 25500FF

1am:
unsigned int  rawData[99] = {8900,4450, 550,550, 550,550, 550,550, 550,550, 550,550, 550,550, 550,1700, 500,600, 550,550, 550,1650, 550,550, 550,1700, 500,600, 500,1700, 550,550, 550,1700, 550,550, 550,550, 550,550, 550,550, 550,550, 550,1650, 550,550, 550,600, 550,1650, 550,1700, 500,1700, 550,1700, 500,1700, 550,550, 550,1650, 550,1700, 550,1700, 500,600, 500,600, 500,600, 500,600, 500,600, 500,600, 500,600, 550,550, 550,1650, 550,550, 550,550, 550,600, 500,600, 500,1700, 550,1700, 500};  // NEC 25504FB

2am:
unsigned int  rawData[99] = {8950,4400, 550,550, 550,600, 500,600, 500,600, 500,600, 500,600, 500,1700, 550,550, 550,550, 550,1700, 500,600, 500,1700, 550,550, 550,1700, 500,600, 500,1700, 550,550, 550,550, 550,550, 550,550, 550,1700, 550,550, 550,550, 550,550, 550,1700, 500,1700, 550,1650, 550,1700, 550,550, 550,1650, 550,1700, 550,1650, 550,1700, 550,550, 550,550, 550,550, 550,550, 550,550, 550,550, 550,550, 550,550, 550,1700, 550,550, 550,550, 550,550, 550,550, 550,1650, 550,1700, 550};  // NEC 25508F7

3am:
unsigned int  rawData[99] = {8900,4450, 550,550, 550,550, 550,550, 550,550, 550,550, 550,550, 550,1650, 550,600, 500,600, 500,1700, 550,550, 550,1700, 500,600, 500,1700, 550,550, 550,1700, 550,550, 550,550, 550,550, 550,550, 550,1650, 550,1700, 550,550, 550,550, 550,1700, 500,1700, 550,1650, 550,1700, 550,550, 550,550, 550,1650, 550,1700, 550,1650, 550,550, 550,550, 550,600, 500,600, 500,600, 500,600, 500,600, 550,550, 550,1650, 550,550, 550,550, 550,550, 550,550, 550,1700, 550,1700, 500};  // NEC 2550CF3

4am:
unsigned int  rawData[99] = {8900,4450, 550,550, 550,550, 550,550, 550,550, 550,550, 550,550, 550,1700, 500,600, 550,550, 550,1650, 550,550, 550,1700, 550,550, 550,1650, 550,550, 550,1700, 550,550, 550,550, 550,550, 550,1700, 500,600, 500,600, 500,600, 500,600, 550,1650, 550,1700, 550,1650, 550,550, 550,1700, 500,1700, 550,1700, 500,1700, 550,1700, 500,600, 500,600, 500,600, 550,550, 550,550, 550,550, 550,550, 550,550, 550,1700, 500,600, 500,600, 500,600, 500,600, 500,1700, 550,1700, 550};  // NEC 25510EF

5am:
unsigned int  rawData[99] = {8950,4450, 500,600, 500,600, 500,600, 500,600, 500,600, 500,600, 500,1700, 550,600, 500,600, 500,1700, 550,550, 550,1650, 550,550, 550,1700, 550,550, 550,1700, 500,600, 500,600, 500,600, 500,1700, 550,550, 550,1650, 550,550, 550,600, 500,1700, 550,1700, 500,1700, 550,550, 550,1650, 550,550, 550,1700, 550,1700, 500,1700, 550,550, 550,550, 550,550, 550,550, 550,550, 550,550, 550,600, 500,600, 500,1700, 550,550, 550,550, 550,550, 550,550, 550,1700, 500,1700, 550};  // NEC 25514EB

6am:
unsigned int  rawData[99] = {8950,4450, 500,600, 500,600, 500,600, 500,600, 500,600, 500,600, 500,1700, 550,550, 550,600, 500,1700, 550,550, 550,1650, 550,550, 550,1700, 550,550, 550,1700, 500,600, 500,600, 500,600, 500,1700, 550,1650, 550,550, 550,600, 500,600, 550,1650, 550,1700, 500,1700, 550,550, 550,550, 550,1700, 500,1700, 550,1700, 500,1700, 550,550, 550,550, 550,550, 550,550, 550,550, 550,550, 550,600, 500,600, 500,1700, 550,550, 550,550, 550,550, 550,550, 550,1700, 500,1700, 550};  // NEC 25518E7

7am:
unsigned int  rawData[99] = {8900,4450, 550,550, 550,550, 550,550, 550,550, 550,600, 500,600, 500,1700, 550,550, 550,550, 550,1700, 500,600, 500,1700, 550,550, 550,1700, 500,600, 500,1700, 550,550, 550,550, 550,550, 550,1700, 550,1650, 550,1700, 500,600, 500,600, 550,1650, 550,1700, 550,1650, 550,550, 550,550, 550,550, 550,1700, 500,1700, 550,1700, 550,550, 550,550, 550,550, 550,550, 550,550, 550,550, 550,550, 550,550, 550,1700, 500,600, 500,600, 500,600, 500,600, 500,1700, 550,1700, 550};  // NEC 2551CE3

8am:
unsigned int  rawData[99] = {8950,4450, 500,600, 500,600, 500,600, 500,600, 500,600, 500,600, 500,1700, 550,550, 550,600, 500,1700, 550,550, 550,1650, 550,550, 550,1700, 550,550, 550,1700, 500,600, 500,600, 500,1700, 550,550, 550,550, 550,550, 550,550, 550,600, 500,1700, 550,1650, 550,550, 550,1700, 550,1650, 550,1700, 500,1700, 550,1700, 550,1650, 550,550, 550,550, 550,550, 550,550, 550,550, 550,550, 550,600, 550,550, 550,1650, 550,550, 550,550, 550,550, 550,550, 550,1700, 500,1700, 550};  // NEC 25520DF

9am:
unsigned int  rawData[99] = {8900,4450, 550,550, 550,550, 550,550, 550,550, 550,550, 550,550, 550,1700, 550,550, 550,550, 550,1700, 500,600, 500,1700, 550,550, 550,1700, 500,600, 500,1700, 550,550, 550,550, 550,1700, 550,550, 550,550, 550,1650, 550,550, 550,600, 500,1700, 550,1700, 500,550, 550,1700, 550,1650, 550,550, 550,1700, 550,1650, 550,1700, 550,550, 550,550, 550,550, 550,550, 550,550, 550,550, 550,550, 550,550, 550,1700, 500,600, 550,550, 550,550, 550,550, 550,1650, 550,1700, 550};  // NEC 25524DB

10am:
unsigned int  rawData[99] = {8900,4450, 550,550, 550,550, 550,550, 550,550, 550,550, 550,550, 550,1700, 550,550, 550,550, 550,1700, 500,600, 500,1700, 550,550, 550,1700, 500,600, 500,1700, 550,550, 550,550, 550,1700, 500,600, 550,1650, 550,550, 550,550, 550,600, 500,1700, 550,1650, 550,550, 550,1700, 550,550, 550,1650, 550,1700, 550,1700, 500,1700, 550,550, 550,550, 550,550, 550,550, 550,550, 550,550, 550,550, 550,550, 550,1700, 550,550, 550,550, 550,550, 550,550, 550,1650, 550,1700, 550};  // NEC 25528D7

11am:
unsigned int  rawData[99] = {8950,4450, 500,600, 550,550, 550,550, 550,550, 550,550, 550,550, 550,1650, 550,600, 500,600, 500,1700, 550,550, 550,1650, 550,550, 550,1700, 550,550, 550,1700, 500,600, 500,600, 500,1700, 550,550, 550,1650, 550,1700, 550,550, 550,550, 550,1700, 500,1700, 550,550, 550,1650, 550,600, 500,550, 550,1700, 550,1700, 500,1700, 550,550, 550,550, 550,550, 550,550, 550,550, 550,550, 550,550, 550,550, 550,1700, 550,550, 550,550, 550,550, 550,550, 550,1650, 550,1700, 550};  // NEC 2552CD3
